          OS ALIENS QUEREM DEVASTAR TODOS OS NERDS!          
159 x 15
                                                                                                                      
                                                                                                                     
                                                                   
6                                                                               j                                                                            6
6                                                                               6                                                                            6
6                                         88                jj        jj     jj666             j                                                    &        6
6           i   i         i      i        66      66    88  66        66   6666666  6   6      6    66                                            666   c    6
6    6   66666666     66  66 i  66666         j         66      i2       j                                  j                                           6    6
6   6                      666                66                66       66                j               66      6      6     6        6                  86
6                                                                                         66                           6            6                       i6
6     *  7      5               5          7         6      5     7                                        5        5       5     7              7   7     666
66                9    6                           8666                                                                                    X              6666
666         66        6666         8 6         i  666666        j   jji  8               6        i                   iiiii        8                     86666
34343434343434343434343434   434343434343434343434343434   34334334343434343434343                6      34343343343343343434334334334334334334343434343434343
11111111111111111111111111   111111111111111111111111111   11111111111111111111111          6            11111111111111111111111111111111111111111111111111111

